Best Model: MLP(384-192-96)
Val  Acc: 0.8606 | F1: 0.8404
Test Acc: 0.8654 | F1: 0.8340
Top-5   : 0.9567

Calibrated confidence threshold: 0.20 (val precision=0.8732, coverage=0.9856)

              precision    recall  f1-score   support

           A       1.00      1.00      1.00         3
           B       0.50      0.50      0.50         2
           C       1.00      1.00      1.00         3
           D       0.67      0.67      0.67         3
           E       1.00      0.67      0.80         3
           F       0.75      1.00      0.86         3
           G       0.67      1.00      0.80         2
           H       1.00      1.00      1.00         2
           I       1.00      1.00      1.00         3
           J       1.00      1.00      1.00         2
           K       1.00      1.00      1.00         3
           L       1.00      1.00      1.00         3
           M       0.00      0.00      0.00         3
           N       0.40      1.00      0.57         2
           O       1.00      1.00      1.00         3
           P       1.00      1.00      1.00         2
           Q       1.00      1.00      1.00         2
           R       1.00      1.00      1.00         3
           S       1.00      1.00      1.00         2
           T       0.50      0.33      0.40         3
           U       0.60      1.00      0.75         3
           V       1.00      0.50      0.67         2
           W       1.00      0.67      0.80         3
           X       1.00      1.00      1.00         3
           Y       1.00      1.00      1.00         3
           Z       1.00      0.67      0.80         3
         Aku       1.00      1.00      1.00         1
        Anak       1.00      1.00      1.00         1
        Asin       1.00      1.00      1.00         2
     Bandara       1.00      1.00      1.00         1
       Bapak       0.00      0.00      0.00         1
     Belajar       1.00      1.00      1.00         2
   Berbicara       1.00      1.00      1.00         2
   Bernyanyi       1.00      1.00      1.00         1
       Besar       1.00      1.00      1.00         2
        Biru       1.00      1.00      1.00         2
         Bus       1.00      1.00      1.00         2
     Delapan       0.00      0.00      0.00         1
         Dia       1.00      1.00      1.00         1
      Dingin       1.00      1.00      1.00         1
      Dokter       1.00      1.00      1.00         2
         Dua       1.00      1.00      1.00         1
   Dua belas       0.50      1.00      0.67         1
       Empat       0.67      1.00      0.80         2
        Enam       1.00      1.00      1.00         1
        Guru       1.00      1.00      1.00         1
        H -1       1.00      1.00      1.00         1
       Hakim       1.00      1.00      1.00         1
       Hijau       1.00      1.00      1.00         2
       Hitam       1.00      1.00      1.00         2
         Ibu       1.00      1.00      1.00         1
       Jalan       1.00      1.00      1.00         1
       Jumat       1.00      1.00      1.00         2
        Juta       1.00      1.00      1.00         1
       Kakek       1.00      1.00      1.00         1
      Kalian       1.00      1.00      1.00         1
       Kamis       1.00      1.00      1.00         1
        Kamu       0.00      0.00      0.00         2
      Kantor       1.00      1.00      1.00         1
       Kapal       0.67      1.00      0.80         2
      Kecewa       1.00      1.00      1.00         2
       Kecil       1.00      1.00      1.00         2
      Kereta       1.00      1.00      1.00         2
        Lima       1.00      1.00      1.00         2
       Makan       1.00      1.00      1.00         1
       Malam       1.00      1.00      1.00         2
       Mandi       0.00      0.00      0.00         1
       Manis       1.00      1.00      1.00         1
       Marah       1.00      1.00      1.00         2
      Masjid       1.00      1.00      1.00         2
     Memasak       1.00      1.00      1.00         2
      Menari       0.67      1.00      0.80         2
     Menulis       1.00      1.00      1.00         2
       Merah       1.00      1.00      1.00         1
      Mereka       1.00      1.00      1.00         2
      Miliar       1.00      1.00      1.00         1
      Minggu       0.50      1.00      0.67         1
       Minum       1.00      1.00      1.00         1
       Mobil       0.00      0.00      0.00         1
       Nenek       0.50      1.00      0.67         2
        Pagi       1.00      1.00      1.00         2
       Pahit       0.00      0.00      0.00         1
       Panas       1.00      1.00      1.00         2
       Pasar       1.00      0.50      0.67         2
       Pedas       0.00      0.00      0.00         1
   Pelabuhan       1.00      0.50      0.67         2
      Pendek       1.00      1.00      1.00         2
     Perawat       1.00      1.00      1.00         1
     Pesawat       1.00      1.00      1.00         2
       Pilot       0.00      0.00      0.00         1
      Polisi       1.00      1.00      1.00         1
       Puluh       1.00      1.00      1.00         1
       Putih       1.00      1.00      1.00         1
        Rabu       1.00      1.00      1.00         1
       Ratus       1.00      1.00      1.00         2
        Ribu       0.67      1.00      0.80         2
       Rumah       1.00      1.00      1.00         2
       Sabtu       1.00      1.00      1.00         1
        Satu       1.00      1.00      1.00         2
       Sedih       1.00      1.00      1.00         2
     Sekolah       0.00      0.00      0.00         1
      Selasa       0.67      1.00      0.80         2
    Sembilan       0.00      0.00      0.00         1
      Senang       0.00      0.00      0.00         2
       Senin       1.00      1.00      1.00         2
Sepeda motor       1.00      1.00      1.00         1
     Sepuluh       1.00      1.00      1.00         2
       Siang       1.00      1.00      1.00         1
        Sore       1.00      0.50      0.67         2
     Stasiun       0.50      1.00      0.67         1
       Takut       1.00      0.50      0.67         2
       Taman       0.67      1.00      0.80         2
    Terminal       1.00      1.00      1.00         1
       Tidur       1.00      1.00      1.00         2
        Tiga       1.00      1.00      1.00         2
      Tinggi       1.00      1.00      1.00         2
       Tujuh       0.50      1.00      0.67         1
    Wartawan       1.00      1.00      1.00         2

    accuracy                           0.87       208
   macro avg       0.84      0.86      0.83       208
weighted avg       0.85      0.87      0.85       208
